20 20 3 10 10 50
00 00 00 00 00 00 00 00 00 00 00 00 00 00 00 00 00 00 00 00
00 12 02 02 02 02 02 02 24 02 02 02 02 24 02 02 02 02 14 00
00 01 00 00 00 00 00 00 01 00 00 00 00 01 00 00 00 00 01 00
00 01 00 00 00 00 00 12 13 00 00 00 00 21 99 00 00 00 01 00
00 01 00 00 00 00 12 13 00 00 00 00 00 01 00 00 00 00 01 00
00 01 00 00 00 00 01 00 00 00 00 12 02 13 00 00 00 00 01 00
00 21 02 02 02 02 22 00 00 00 00 01 00 00 12 02 02 02 22 00
00 01 00 00 00 00 21 02 02 24 02 13 00 00 01 00 00 00 01 00
00 01 00 00 00 00 01 00 00 01 00 00 00 00 01 00 00 00 01 00
00 01 00 00 00 00 01 00 00 01 00 00 00 00 01 00 00 00 01 00
00 21 02 02 24 02 23 02 02 25 02 02 02 02 25 02 24 02 22 00
00 01 00 00 01 00 00 00 00 01 00 00 00 00 01 00 01 00 01 00
00 01 00 00 01 00 00 00 00 01 00 00 00 12 13 00 01 00 01 00
00 01 00 00 01 00 00 00 00 01 00 00 12 13 00 00 01 00 01 00
00 21 02 02 22 00 00 00 00 21 02 02 22 00 00 00 01 00 01 00
00 01 00 00 21 02 02 02 02 13 00 00 01 00 00 00 01 00 01 00
00 01 00 00 01 00 00 00 00 00 00 00 01 00 00 00 01 00 01 00
00 01 00 00 01 00 00 00 00 00 00 00 01 00 00 00 01 00 01 00
00 15 02 02 23 02 02 02 02 02 02 02 23 02 02 02 23 02 13 00
00 00 00 00 00 00 00 00 00 00 00 00 00 00 00 00 00 00 00 00
1 3 5 5
